"x"
-1.95321431073112
0.561694111840519
-0.555849817732136
1.04520659527196
0.0517307569497075
0.609245414233815
0.197310648544026
-1.60040325090403
-1.05825882152168
0.391525321862998
1.5992471607939
0.23613181969134
1.23455376516498
0.0200457877972946
1.61471872946566
-0.79543922880147
0.157412258273659
1.41323157834958
-0.296515340680794
1.15694838433327
-1.76196008256384
-0.901754856826136
-0.0657277498138311
0.0127487444326947
0.735389125622738
0.836798670461194
-1.42260259165333
0.766733248553478
0.966969699613923
0.318747630624962
0.38477272020137
-0.104751379745995
0.256837315901816
-0.215036810890513
-2.00207802083183
-1.43793244199693
-0.721567683615245
-0.182941415075978
0.580699465586168
-0.226322606923043
-0.253629286863344
0.988102666875446
0.194078924627175
-0.179812370967366
1.27025702779606
0.739099863430145
-0.867382048499021
1.18285814147428
1.26238053519395
-0.223913798517483
-0.491031984816216
1.21332366456246
2.74102787965863
-1.74412050921979
-1.07434244599701
1.57772099143354
0.0797987375216112
0.730216103543069
-0.791840044330127
-1.44071565965241
0.617999745765253
-0.107459726646663
-0.285339536047172
0.867412115868491
-1.3967374508532
-0.0339975337428599
1.62729199015621
2.15762089232396
1.48881191791535
0.240058708595156
0.388263843902588
-0.057244115437077
-1.87977525613402
-1.59339516238293
-1.09100472799616
-0.0336000512013159
0.128836551323519
-0.991658799760254
-1.61506458884248
-1.43565779373133
1.0638205239029
-1.23805010093027
-1.72466026830642
-1.7050805980163
-0.322866301991114
1.41764545618615
-0.468258348213051
1.79886397353905
-0.846355673284456
2.2864627988438
-1.46422096698631
-0.50492523166908
1.41132468091445
1.06689988995595
-0.788309211930353
-0.26757808982798
2.05919407080875
0.752029407730293
0.776306973415353
0.104433265402078
1.94379142209008
0.0281147228718058
-0.281212486824941
0.900202698427221
1.09127390765187
1.32491695172522
1.1259467669992
0.770487873407181
-0.428113256912869
-0.548642837456018
-0.796540335788026
1.49940921891676
0.225862709553007
1.15108351642898
-1.02221337175329
-0.900166701236372
0.0727542747722692
-0.0976343955429207
-0.151646285441921
0.045099117305583
0.384281262756753
0.718580945189141
-0.143289578347011
-0.389993371269778
-0.164136341474341
-1.126907819385
1.70177084228092
-0.121618988737231
0.67386043288221
0.382247535796401
0.0841823598792855
-0.754702971886683
0.366431598875017
-0.185906382412787
0.919345698925265
0.216200732750976
-0.986364700770315
-0.066264530075113
-0.0652393380661917
0.642659034300009
-0.177881347488033
-0.000362994757176371
0.761468440037385
-0.618286396119778
-1.44744717732663
0.76504259825142
-1.2271399873557
-0.233519016292583
-0.396454972247582
-0.697862108171775
0.218633204721305
-0.305636020315401
-1.31789881798168
-0.920321826232104
-1.03608563634391
-1.1736555128164
-0.40711746708733
-0.0824338319821058
-0.553682646711409
-0.266250942032322
-0.819910767756236
0.965712663317028
-0.710790681373409
0.280372132061673
1.39698016814188
1.61243503113018
1.09356288798945
2.1902788811748
-0.299274439042993
1.34846600530542
-0.0286861929166585
-0.995315695529915
0.823225411743832
1.34146547003873
-0.270176965852418
-0.572528033841987
0.988019040411369
2.04256755316269
0.527796018245176
1.73419651906762
0.665523475359427
-0.442149829167838
0.936027316036084
1.48538101695189
-0.254461917926944
0.973535754805804
-0.229902823153238
-0.300248598304661
1.31287107601411
-0.144602711180555
1.67745913962148
0.882338972034385
-1.41848019139245
-0.00479797426392892
0.513509144041597
1.4797925912406
-0.263089399863313
0.303055812215734
-1.35535744908041
0.519476262206991
0.0451159027815109
0.61663213900904
0.0881854992101028
-0.157113588430309
0.270622132776292
0.595066600730212
0.534457458806039
0.163885704411952
-0.480566875848486
-0.444456880869632
-0.613292075467954
0.276802572960817
0.0773435708895456
-0.750817679547386
2.04357977792411
1.07646889480543
-1.31510430886922
0.148017266757676
1.22031393281012
1.16761299736154
-0.973633689694319
-0.541852117560146
1.09189260255145
0.175616700413404
-0.653413228221839
-0.965800132640662
-0.571027569274281
1.14049498455357
0.0158599909307235
-0.987836137160815
0.121217343502594
0.612262836804076
0.473716215519844
-1.14213885588791
0.297966101246348
0.106240665579339
-1.2073325676848
0.435482516387802
2.36708971843912
0.473696595038553
0.0879171632098632
0.0813473780185725
-0.399849288972448
-0.437199295515726
-0.276333501029554
0.39890898261092
1.36140957301044
0.178471962998672
0.124852707225832
1.12674745953163
0.51205600380476
-0.771843273224468
-1.4128702711588
1.08786285137829
0.255237783754371
-1.94237120263017
0.252187879819383
1.09790765892597
1.11657783153856
1.19584149554556
1.08192391569296
0.759152564795962
-1.24555634448379
-1.05399655273384
1.25587805551482
-1.55415908619624
1.26844326262872
-1.08330133549897
-0.0638894023210027
0.0690404547347973
-2.09639767487124
0.421455687855212
0.734889484491213
-0.647399816202664
1.22034894308591
-0.854817353646874
-0.962747207397245
-1.6864071821132
-0.323082006483738
0.0421216372243171
1.54058678361983
0.458507053036586
-0.333819968025987
-0.473101463070198
2.25492401647057
1.09041755945459
0.140265295847572
0.149781794165619
0.506425693366268
-0.91391406141643
2.52570983815008
1.4231524922166
-0.225332880800719
1.49258344703242
0.34674621360196
-0.974901199531576
0.181059484962892
1.23461983503932
1.69231654498739
-0.693097549037291
-0.228219671781531
-0.72964376870621
1.08611509793569
0.930292287053619
0.669027112026882
-0.398097992925068
0.396258945017767
0.203367508326498
0.803557951997369
0.289747005916291
-0.822780330367739
1.80913882328733
-0.383553171973675
-0.799098648716308
-1.26144670913676
1.82226576100585
-0.219239651677854
1.7262097630553
-1.14002410874286
0.937644169722428
1.24746429395058
-0.205059321602362
2.066399497214
1.04529495292054
1.07597587816528
-1.09211540840492
-0.844009366646872
1.51834124202081
-0.60524978152091
1.24593398437614
0.605167922168015
0.433833970553842
-0.182846081071623
0.582751056537992
-1.55734663683297
1.27923936513595
0.839162859656053
0.585032526381483
-0.765182614415483
0.823171397324734
0.766774094629818
0.258601618959019
0.287620624758116
0.813078731403553
-1.88425879644774
0.549267273323941
1.46624859280634
-0.14726893865441
0.681572101734967
-0.709067293835979
1.84390209416994
-0.80316882072923
0.489967616627829
-1.0834460493618
0.61860818666153
0.225950431536111
1.85411021261475
0.0810772885863855
-1.70387223980475
1.64237778311995
-1.0332083059933
-0.380372087274359
-2.39207312504019
0.27523194046267
2.01573765249723
2.02140630911086
1.39618368824344
-0.552139744018376
1.29363623829905
0.145303804204596
-0.0282260760391794
1.24359780756234
1.03956502519281
0.89830837745951
-1.27486948680092
0.181241958113981
-0.583748037809868
-0.86504427031123
-0.0555353396062611
-0.472564447145209
-0.962492458734262
-0.270274211743574
-0.397362223611196
0.851210300640417
0.788893582426749
0.552653487519591
-0.751185145413487
0.874964395686814
0.515671336609997
1.07430239270324
1.4064506928694
1.22904571534395
1.31953333306104
-1.34079491138335
1.54147822561957
-0.282652998970661
-0.966140011038932
-1.09310110323328
0.772383121306898
-0.50580210188825
-0.559081106434677
-1.21357921699859
1.19046397283306
0.921848103933047
0.68357892553111
-0.215715608335193
-0.361120904401928
-0.748509139848541
0.141887237181851
2.34689199069205
1.36216735289464
-0.580291775409147
-2.09389657961704
0.132824930794509
-1.13911213436915
-0.137761033349453
-0.839142614221441
1.62549472930087
1.13542280485438
0.499117273399297
0.909179591778881
-0.254583386096362
1.38548090688113
1.49750902814364
0.58045464653961
-0.306050986649703
0.277244045763535
0.064517507731885
-0.783218995889255
1.07121638620102
1.15157977612928
1.21879957355246
-1.61243291909245
0.80887727172104
-1.26636300824992
0.851620504980862
0.890725473873991
1.50597728697524
-1.03484164585718
-1.35036182937177
-1.03996354361625
-0.125748282654302
1.30161607893746
-0.110668829836433
-0.970231788033659
-0.262686657532354
1.04666592332516
0.0880899464826346
-1.40697912250848
-0.39697148767456
0.377763892235473
-0.865646181908589
0.791574691083718
-1.41486537536784
0.0702704715291164
-0.804384093152235
1.51735428054198
-1.08724598231552
0.595920156724676
1.31790978437151
1.94486391434589
-0.751160514422119
-0.600761461281805
0.170368337143636
1.84823188141848
-1.57324144383929
0.334594324763537
2.459138972073
0.839713138260903
0.804371373668103
1.29698370995849
1.18143799656636
0.763712542555254
0.715812287412074
0.440328255208089
1.16905440652626
0.178430707427569
0.16660881179328
0.62069183570261
1.24715676295701
1.16893817296265
-1.01942788610538
0.638704005257296
0.354128305375653
1.38568975149787
-0.365127001392076
-0.949694306154597
-1.32227754457218
1.63758374154188
-0.963783686413373
-0.0582874078480517
-0.84019171294087
-0.565570757244633
-0.869968509705953
0.164115481777008
0.0827903676035334
-0.271821927697831
0.335926994785709
-0.647465102355721
0.278095150846932
1.279375830139
0.580018365355821
1.07265936266377
0.786431168024847
-0.996966697986156
0.56155676072056
0.621955301591273
0.520345290854152
-0.150434953563583
-0.302261311715257
0.996804922986107
0.335370842542925
1.42079049793717
0.266398478547886
0.585677080177527
-0.269874356886175
0.542581072886493
0.379231842454921
0.393950812128561
0.0631027709163
0.165923382127598
1.76307779904218
-1.37984060656616
-0.0623604561415465
-1.3023796864167
-0.540194563652289
-0.448542327465387
-0.324086986195847
-0.415575178419573
-0.704400036509656
-0.358713221063573
1.06446381228843
-0.444568628492548
-0.813937556528744
1.75919877190099
0.732887873964167
-0.569675677629589
-1.18043048489315
-0.975814070888759
-1.08396212522229
-0.288150332878102
-1.30222603379346
-0.18949549044997
-1.33036609033724
1.0225654861457
0.763585688787359
1.01000742588822
0.498809413994161
0.548065041077117
-0.97895533217193
-1.28547376585349
-0.642945716772471
-0.0297395525623383
-0.95177119911587
0.83194845783551
0.580805464439806
0.57646568001178
1.30012560980235
1.75840612225445
0.812398670833589
0.826772660584299
-1.2185026911087
1.47361888673073
-0.770207937564294
1.05555941736765
0.311366934134416
1.57620003219059
-0.261271071815591
0.248145034522162
0.596526916496735
-0.210116802571145
-0.159838704346992
-0.704755988351524
1.22582435819562
-1.12874611834381
1.10008563273648
0.194351240686541
0.214035312304735
0.807960637078397
1.09203346184431
1.39272023662061
0.395906993938142
0.792924270888952
-0.161825286076562
-0.491068264518435
-0.148431347693714
0.79161228026918
-1.91270512110087
0.544567346047543
0.300081792400097
-0.522175293341645
-0.0420278200821515
-0.496218660724966
0.551595615410374
-0.429234114605744
-0.76957465111093
-0.279942602495437
-1.28492298989024
-0.527579014058351
0.566972127798423
0.563670876874084
0.813671412437438
1.01097460968058
-1.20770731718569
0.717438805727483
0.740932266862493
-0.0228380506776545
1.31877945878466
-0.736292291626903
0.562844862776226
0.13205705785226
0.80349947143366
-0.8127099087246
-0.100959231352485
0.782301183808869
-1.30095601603163
1.16541322889484
-2.19011244780343
-0.458445271613243
-1.14665743001238
1.6214786205956
-0.674433348664856
0.696589629418957
1.50565417267367
0.0325742608814302
1.66508991837638
1.40689788135007
0.542942025482485
-1.07802661459737
1.70410263736518
-1.17381303971384
1.05538932354053
-0.544352363984485
2.21019008307724
-0.880175840336485
1.8172863876611
1.7228976189474
-0.527621239820792
-1.30458020290224
0.18832637706993
1.7366418461987
-0.823579508156397
-0.00777859852597911
1.48482511215154
1.06923999398949
-0.0624246392737524
-0.494761111257212
0.31493001073292
-1.1242298132034
0.00291052194392017
-0.934600376222409
1.25211871672159
-0.551231939166363
0.208101157776317
1.15377252347234
1.55167646850371
1.53673916545969
0.543700004641801
1.63169570457305
0.804611286782787
-0.581251533173026
0.518615903196916
1.01561854246989
-0.839011838695071
0.830152938267945
0.520114057108438
-0.578164263029387
1.18866416502501
-0.590505592958307
-0.754932547267447
0.815441375834037
-1.35333411994346
0.561346305355704
0.498058695644734
0.998232055006394
-0.566656126311232
-0.532175115997504
-0.530953335298836
-0.712276340104057
1.00388497682868
1.74425809196154
-0.293365793467695
1.72876662983297
1.17889473674599
-1.11585995270792
1.52171782981676
-0.405151619584919
-1.03901942816256
-0.829075703796948
-0.574836649016083
-0.62130387130978
0.34055660873539
0.198390490811881
0.177611146977412
0.544794249920905
-0.149794754982274
-0.0111937601548363
0.521124787173019
0.811831598634467
0.510192817912764
0.527881747569994
-0.0206638383045015
-1.76616668636636
0.867064487111779
1.08014765231074
-1.45040350773788
1.20103660940968
0.810870212012153
0.533180652944352
0.751319099126928
0.509161254186148
-0.342838187250041
0.503597643730704
-1.92124209366679
1.77821522155743
0.512525644745702
-0.0173330685109328
1.28387664693427
1.34404607007388
-0.247739429213915
-1.02497914227712
-0.652004458095848
0.190706196736775
0.187636133049139
-1.55436370617765
-0.836365619009041
1.01495454674754
1.28863250572785
1.01875633588626
-0.295381831828107
0.520691788052846
0.750431620090364
-0.0208946460253328
0.793824847721983
0.331293097830808
-1.05868985877333
-0.253561804955095
-0.199271906816663
0.662537015244163
1.88426855900673
-1.07485062431465
0.84854160195426
-0.626259412968366
0.522166449568181
0.00404795785299767
0.75345887346285
-1.50560744567565
0.385029872198958
0.551932764238453
0.256835467780704
0.516515922545432
0.525492392937444
0.481132803521872
-0.595162098180382
0.528755830832938
0.362076808252747
0.803829170688146
0.521457718410294
0.803154522114236
0.547498929561263
-0.572152569675774
0.510591700861967
0.50357464645787
0.335288144443497
0.874269890017505
0.564678403630906
0.511363757579616
0.501800015210031
-0.186167816831161
-0.601165872413063
-0.178466333166327
-0.598541260852446
0.476621961599667
-0.605050932447239
-0.888466443703167
-0.783086314367023
-0.434846442067166
0.51690729821053
0.537174588287792
-0.787176016858634
-0.74023851590639
0.801605446220197
0.761335779973166
-0.798452053521384
-0.577533911385901
0.760705630282599
-0.726620046055722
0.737618968119927
0.521274816179625
-0.840637956460435
-0.144014588444772
1.8811551513131
-0.933123806375572
0.170705304280694
0.683762122952318
-0.237595074332176
-0.873481148895199
1.8418093178097
-1.31195582704729
-1.02564575661289
-0.57526808824361
0.824310373486516
0.407992124244234
0.339198103240659
1.04184556510291
-0.072202127445933
-0.287528966427746
-1.11057739448806
0.420662516724691
-0.471975189115656
1.25564216680827
0.562998987803749
0.557919284381439
-1.34529758304707
0.4927035340854
