"x"
0.700925005676611
-0.785910289105209
-0.812181116058921
1.05507662802911
0.859359351236308
1.08838037989897
-1.86145005619602
0.241661629189587
-0.558535842369616
-0.936334971181074
0.482064846453358
-1.14223537663927
-1.45917220355379
-1.98439853996168
0.833787522860957
-0.368651374258025
-0.580446402506153
-0.247667474564226
-1.22431126339614
0.709490690564244
-0.159944127260523
0.541046436159735
-0.796255598446872
-0.36710027007197
-1.86379615084119
0.569022274179847
-1.08716864864742
-2.64368447896604
1.10274498544227
0.389593701243376
-1.30709099171684
-0.9722329804117
-1.88454402795051
-0.575500741100146
1.70248977726709
0.176418551575591
0.161609858748001
0.148599676585539
-2.16679225397272
-0.667413020640212
1.52879389042007
0.428145151265177
-0.955110518933265
-0.127072273348646
0.269206893496438
-0.448782366480392
0.685098398709102
-0.572219088132555
-0.196253497230005
-0.986223960991353
0.260065217844976
-0.000933091504354046
0.961844787118344
0.784966118514698
1.46512829664916
-0.104357148433747
1.46090330148719
0.53245447025532
-0.0313537843090935
-2.43963771788985
1.69038221668263
-0.698725400916121
0.037451885310506
0.169912010721697
-0.734139231249874
0.0299533633990211
0.253755083700157
-0.120333272973782
-0.691001214545574
0.752484382594502
-1.31123389536636
-0.631083295593046
0.979826156443064
1.69142042750241
-0.783617513947553
0.597496893023709
-0.542971838117038
-0.300867009411843
-0.249362549488721
1.58882235019524
-1.09972711270744
-0.190629245458428
1.36443264259558
1.06270959631189
-0.534916296295658
-0.585519243283287
-0.476663875107509
-1.89509819704489
-0.0861935336602153
1.27695315553197
1.49803362752194
0.267393443944787
-0.166610507061821
-1.29248912816481
-1.07836426957483
0.0661518453634993
0.943303579807184
-1.45716195536623
-0.980568105257759
-1.55816967513258
-0.326392515625896
0.171103992969304
-0.0767439186226653
1.28043113751131
0.263359058916031
0.0528558523786998
1.427748976618
0.816720068787608
-1.01077381838729
-0.417095941195813
0.783739907600289
-0.695496939332865
0.599267026141924
-0.755887424237192
-1.34071178243468
-0.906077696399052
0.550829108319956
-0.892960802410868
-0.62540137497688
-0.0712610979338652
0.152573352968949
0.558396503241711
-1.08451239230747
-0.122587738273887
0.550113513192928
-0.89414385819747
-1.04757417904155
0.172257661342393
0.914501059037327
-0.30354377499156
0.242952134345451
0.0680595817201119
1.62369516147136
-0.495730313901398
1.64118901134037
-0.106460868785703
1.12111568341035
1.38125515293023
-0.984584085464243
-0.179328818936404
-0.727455856521966
-0.985544991902109
0.550613201684888
0.537524141217014
-1.90829516300101
0.148103702542742
-1.56147444201582
0.773165577098377
-0.328425543268741
0.852166201060518
0.498802535309402
0.276102541585529
-0.219665855150592
1.06035952220781
1.05855146965898
1.02272586014787
1.04095742479268
-1.51569987077819
-0.895189453347975
-1.45717143842381
-0.620831942202884
0.620308684345746
-0.876121418615272
0.645104959910707
-1.3329271142006
-1.07471436554848
-0.261429841845346
-1.82385694076017
-0.532895688424462
-1.29382848784792
-0.74763931782026
-1.14424575810559
0.396684220287549
0.243783462553489
-0.726175228140873
0.84206723113959
-2.18537949660039
-0.394654068060477
-1.10768092438432
0.975614638532358
-0.199008992936885
2.10717713350311
0.217178275434471
-0.630352611229556
-1.27047064661703
-0.832593406634791
1.43177053483428
0.563418224801489
-0.321330403128082
-1.86450766384993
-0.231365140978388
1.43583328114284
-0.649827521008131
1.06958226747447
-0.617068511507575
-0.854851686564841
-0.829767223881298
-1.40971692565282
-0.950497792988148
0.0359245681837349
-0.804802636616889
2.35551145102506
0.252392917427368
-0.568552211603573
0.94392753262017
2.15636164998723
-1.35029676153532
-0.171782607743088
-0.964417620831878
-1.00654091332863
-2.24924472384334
1.16005155240843
-0.382224426047867
-0.96192619441066
0.542972283381903
-0.194518999736946
-0.981759190858392
1.11955947223582
-1.56877767395899
0.687323314923324
0.987237967387321
-2.07985302117348
-0.890660064696743
0.307690472989681
-0.567898103391671
-0.993598661913037
-0.548957699026293
-1.16424846079409
0.579393077090332
1.08506115210912
0.449451298867955
0.388071381980614
0.624724163918694
1.05405731514326
-2.04268350108775
-0.130559286828175
-0.0417808762697137
-1.60074717595919
-0.794458961702262
-1.7324293933732
-0.136853854365274
0.994820545301378
-0.882938298363957
2.43829823097075
-1.56576458851069
-1.70045400033766
-0.319787301367888
-1.04368714017898
-0.577327731336843
-1.29925011255649
-1.56985669176017
-0.153493680070391
0.658038366383607
-0.108502435720979
-0.549100303655391
-1.32654626585377
-1.20017415347745
-0.54428722806323
0.624590755585446
-0.728207705211485
0.184693604713546
0.189557712208207
-1.06382164865193
0.584593010167529
0.289330562152041
0.412959343368549
-0.177999549757737
-0.849028935019445
-1.4825729886015
-1.94205222866387
1.06068975046293
-1.30281724933407
-0.553374485336572
-0.413380400458758
-0.851977614704852
-1.57247328178215
-1.01969818925285
-1.33393382993329
0.388060358712673
0.0319208114207263
-0.645454388312777
-0.404532926132737
0.241746948949258
1.22671521205528
-0.232528996308531
-0.605184113828324
1.12168905839652
1.35061336574354
0.723841364355513
1.71123095085199
0.579913774237028
1.62982345469513
1.23142870990181
-0.451722175259101
0.307719714114117
-0.244117285988752
0.840039791360319
0.866788115176387
0.365883101021611
0.79091643540112
0.639318113744325
-2.0468661654433
-0.245012883501788
0.2876161710314
-0.212860347534545
0.762021943127501
0.873126130447699
2.17459833981586
0.274822693334252
-0.775868788515557
1.26734215104789
0.382215746090887
1.09813730257743
0.23887451188361
1.39379958925997
-1.33326751922861
0.79084614529185
-0.866262788509982
-1.82725886536777
-0.164477517655069
-0.744406393178703
-1.02261303439266
-0.58772224610718
2.16079825401019
0.12495123710169
1.53643067801938
0.843166902894081
0.812600356062212
0.460402377808551
0.10177731242048
-0.767693434941369
1.03033800119527
-0.925837745032484
-1.54876268677872
1.21448610651277
-2.01049537070537
-0.564748711706904
-0.0511330654542923
-0.43023266828852
-1.5556272731391
-0.127738061210797
0.179878394552265
-1.04219865510189
-0.077123549183916
1.07031381433701
0.58255454119965
0.724281946153607
0.748909536609783
0.232938815712362
-0.246913480372092
0.181618302389587
2.54577102114113
0.563700691429589
-0.0950306134439929
-0.060718017873083
0.704450990363316
1.32648693946184
-0.0537215063884912
-0.713680053535043
-0.334161232296899
-0.164710756730946
-0.49027891520942
-0.943615135144907
-0.842973761539074
0.494256032777143
-0.803347849130411
0.231870581767315
-0.596512953388057
0.395355232570981
-0.467215854746602
-0.624245761546687
-0.971496895787842
0.789813559572077
-0.961210425694194
1.06837055210087
-1.08176005399025
0.933701671268789
-1.47038840749975
-1.12604883506547
-0.865860552143823
0.4993741201103
0.663382255041235
-0.377879017818494
-1.94925148955479
0.212178544708283
1.05005815268918
-0.394750822038736
-0.973238522986222
-0.318726543215749
0.869776284777317
1.07561638405532
1.26477798569773
2.10460293456962
-0.334481142210096
0.822932222234393
-2.57664517921351
-0.157495248800037
-1.09932728174778
1.79558485409122
-0.873416819988422
-0.0577126079266571
-0.290961604947101
-0.446577305532926
-1.68915589853437
1.31922231057298
1.21208494519753
0.157991087909954
0.329662957880941
-0.98102803464672
0.243869474235361
0.0205370512875895
-0.344074109103229
-0.859596806895233
0.812468827049451
-0.00512658991855573
-0.0736721870670758
-0.371636232918857
-0.300457608963314
0.552989915237905
-0.543824435804401
-1.21917475480904
0.731577309194694
-0.884454685736217
-0.749807692412126
0.978746466227258
0.483152629626909
-1.68466798774855
0.711977861445412
0.815991197275863
1.98843154308532
0.533015987212365
1.45069234351684
0.284990176617065
0.607827075730763
-1.0129620235795
-0.747921021037964
1.64120987640385
0.517143333378721
-1.17553767651214
-0.774346703714116
0.818962766941247
0.176265287440598
0.84497333770432
-0.52871483152369
1.62930279059306
-0.521637609469585
0.393151995753571
-0.44404825333464
0.365917184224869
-0.348398874955281
0.287561608660407
1.08901090999569
-1.20495892968511
0.264674187239902
0.836892495263531
-0.514410105826498
-0.00481859201035711
-0.0548555605396142
-0.839659357939393
0.00859318951862697
-2.33580473678288
-0.29613170536054
0.924471449663617
-0.980972917527091
2.02621779686683
0.778768872176315
0.481492126741643
-0.372269533252883
-0.87979989891912
1.03996875549998
-0.645186707394259
-0.0308196678387222
1.05215105812803
-0.384829942361733
0.14186729066266
-1.03023693309321
0.570451282161812
-0.568816157973293
0.681117746272665
-0.642970284131547
-0.441122308441414
-0.976611618978933
-1.01111114656067
-0.92719459004568
0.782889601598474
-0.761637873404023
-0.128468765736536
0.275899677389259
0.250235957735837
-0.00613430376118943
0.559505238033197
1.11464158597346
0.804566879730476
0.538238423135527
0.611442885531534
1.25640733990246
0.786491988949974
-0.847572880574806
1.033128179779
0.81981769462361
-0.454479561122911
0.516773329686215
0.0414895859113742
-0.583247306756897
0.614119979713129
-0.238594389557147
0.0447918880610747
0.168377377902777
-1.26886636908961
0.817147825781586
0.202351240922854
0.689679979823508
0.307153165240713
-1.0544739622062
-0.826054844509781
0.428302346547867
-0.408870614149234
0.24016377436956
0.827616493680325
-0.825789249055285
-0.740314881212102
0.596317745072626
0.167160603825486
-1.42270829576265
-1.62993402997543
-0.820958572808008
-0.773094637436945
0.36609233040364
-0.0688958814491206
-0.0386387820530299
-0.945370042187907
-0.388745085084827
0.17778739657606
-0.876293566183653
-0.818235300438507
0.560856069724129
-1.29266851425816
-1.34644694623062
-0.877879936743933
0.791257040373117
-0.585797415241981
-2.12866749746015
-0.288656211670592
-1.49600484961102
-0.950704743512544
0.551114723868071
2.13902821591098
-0.26866690688271
0.527081199310544
1.37189853463831
0.779648239573162
1.07538131688053
1.07072816736587
2.20016036366343
-0.450607383688998
-0.600937300696626
-1.0952371064475
-1.1426463329715
-0.109792403851894
-0.597132249549509
-0.735434820287644
0.148397692808474
-1.49476735649886
0.0624072389379269
-0.261392860976474
-1.33154477678226
0.678701039754392
-0.240658989730438
-0.187771279814939
-0.544950005149166
0.559460141048994
0.26915685765002
-1.94074192122887
0.771277345925275
-0.194747129006652
-0.514378175011436
1.55480877305986
-1.73887614959053
-0.614318927404253
0.387747753558319
0.782975357366941
2.04042057489464
1.2817087218602
0.179539493248395
-0.208298116234441
-1.1779632182676
-0.711205672864866
0.113938274868793
0.870584433198622
-0.44235595217438
-0.021661974794887
0.152923866537347
0.172928163381227
0.144268931168879
0.00265525390011403
-0.252421689395225
-1.2355670487565
-0.381573214625834
0.189807790553591
0.535724320113551
0.0802904013918699
-0.375079533882678
-0.561818771645935
-0.466050163087811
0.793597580491101
1.32715734387262
-0.520756185519736
0.795281769356974
-0.340563518195177
-1.39364460339566
-1.11373518001107
0.986420952923839
0.892416246925732
-0.581569617526699
0.517251908988761
0.255362652579986
0.403082753801192
1.07887450442481
-0.799107229102803
0.0324883450712418
1.1932348527519
0.526916026348855
-1.24402780952233
-1.94995068815035
-0.763136099303499
0.208912190519425
-1.10564019327264
-0.97025112382003
0.735274443474807
-0.262956711416704
-0.235171136090543
-0.748290175162386
0.556712921558249
-1.00864462619511
-0.65650004303266
-0.0481848996165768
-0.150697703210001
0.527554997287956
1.00014231612489
-0.967824007805923
0.524206156864938
-0.141572341833858
0.814939716875298
0.796770763805796
-0.522416003427955
-2.14333248877718
0.469181369242448
-1.28447499668775
-0.227009806741851
1.23494232023549
-0.425629394793334
-0.593437508007487
1.07625366645311
-0.301735546995589
0.282699726064505
-1.11185717610734
0.40200681655077
0.269891182918208
1.99437711193404
1.75261792264958
0.110143190756541
-0.314689810346733
-0.768559317571078
1.23055113155997
-0.0908367952084788
0.0177226290742492
-0.131276476913949
-1.29014938552276
0.54736909152896
-0.41594652905687
0.541828180449994
0.804489331960088
0.790403218308444
-0.522198716780888
-0.532416326580717
-0.320580206265102
-0.575307809660251
0.584331846838352
0.536454682550512
-1.04447436460625
-0.341962578501551
-0.0410538519049172
0.533046707440479
0.101091184306448
-0.645692797904412
-0.444484337218316
-0.122855670824769
-1.4534447548518
0.692441497154845
0.0103316021478152
-1.0689814188441
0.386600179163273
-0.929953154983167
-0.530246556980306
-1.04917024481944
-1.20627713910138
-0.836829864360896
0.595475659977262
-2.32145454892306
1.00811122107984
0.666432784296271
0.222859501793197
0.905782953674337
0.880098199081276
-0.525625504086779
-0.173485698195224
1.14733805658135
0.489693119105284
-0.115505144992529
-0.603374217680353
2.49909604561524
0.501430437017457
0.8143881673544
-0.136480531059348
-0.238220966001784
-0.580645939185506
-0.0645655514010917
-0.614372066240914
0.50628031779944
-0.203496460438488
1.44033857484243
-0.946513226109664
1.16408772549329
-0.859535124074464
-0.535679022427243
-0.218610351661486
0.156487791143033
0.569643311451285
-0.248796824645065
0.816362953662945
0.0704505350105577
0.596065616673171
-0.691369150269888
1.535423115486
-0.00627668873892796
0.523790759724664
-1.60558412919118
1.37636696001795
0.517956909786155
-0.767227568473129
-0.587391026058793
-0.0674658379480788
-0.608805017702919
-0.117080386421547
-0.774058575916341
-0.562366466036558
-0.197868241927922
-0.0251267222545064
-0.122312641800752
-0.428159199278832
-0.368117104173501
1.78029602869719
-0.0100488917637543
0.654156058216354
1.24997330730703
-0.62658306060397
-0.597280393065615
-0.592795404207186
0.876425526666354
1.07430203279602
-0.0351043773017934
-0.262009093348168
-1.32562232356107
-1.35648571538726
-0.881898067739147
2.00096107398022
0.645495614294386
-0.547591659045665
-0.857776028849658
-0.720446087949077
-0.582995785890408
0.451502624486656
-0.576166824974688
-1.32813947756747
-0.0535221346016959
0.520115944565882
-0.279906420998047
-0.220314823222445
-0.713340120571679
-0.598827067835919
-0.305132633032179
0.295886675738336
-1.8310413076571
-0.587767129201324
-0.272457360277725
-1.06050199946811
0.16743250626216
0.500052346862359
0.637483285271074
-0.240551880194195
-0.85280479155398
-1.07216981510363
0.575738691077398
1.10020700732006
-0.601636925140598
-0.929205026691605
-0.747825511620687
0.377769481300313
-1.79461630987677
-0.612403254044328
-0.737783816875261
-0.809702465023874
0.488086212194309
-0.52926832660324
-0.60050908550596
-0.288040243935839
-0.523033129376148
0.506028268499308
-0.587232438079374
-0.59100974981911
1.82740832010057
0.886911948306401
1.74998397372127
0.832997699800789
0.500192597500684
0.535726445963139
1.73633433861256
-1.06964537661345
-0.844807480933848
-1.08547103043363
-0.62077777698082
0.121838865232377
1.64145342988393
-1.22195318140992
-1.50829582747779
-1.19078383301874
-0.499399424244453
-0.495663556616767
-1.39935605233155
-0.782278390974352
0.0737789683946231
-2.0103677401499
-1.08220671536369
0.651602748196254
-0.178560412110211
-0.811236296862115
-0.190775954343283
-0.28118705833245
-1.7068210869418
-0.188392500174209
0.853894300515746
1.04678408465789
0.464693126063253
-0.979970010605972
-0.779550880792756
-1.16634436999361
-0.422296054365049
-1.47859033586327
-2.33124010316607
-1.58651580357782
-0.397318403075676
-0.631534964854638
1.08916220623257
0.131530705796455
-0.0979510330865588
-0.754552622520894
-0.799821322290362
-1.50811588939472
-0.768969088874811
-0.222167715958395
-0.37895657409945
-0.390599413419556
-0.468575028322757
-0.917141924620696
-0.777425859771845
-0.24959498988488
-0.60342932820405
-0.254582846654309
1.02201900822073
-1.07997215481926
-0.231841450649456
-0.342488305400846
-0.280623980578381
-1.54555438708076
-0.734734071616382
-1.48709142177607
0.322477867887416
-1.31326622104358
0.886349416548677
-0.741066971353475
1.39375718906646
-1.6019166955501
0.427912822275773
1.40429952028333
-0.173466447145948
0.258784138209608
-0.00643295476736557
-0.521687039802931
-0.735541889647192
1.07408174555467
-1.85578021711375
1.01468020546507
0.393115207691968
0.920807612901111
0.249460185841345
0.804641424266714
0.253450859372271
0.288789010199192
0.573599031243841
0.528723605422932
1.45006960005689
0.586723462236981
0.0184212819003459
-0.634392466068119
-0.0595179110085773
1.46446290265401
-0.736417107495924
0.326424037483556
-1.78390742562686
0.542462453726974
0.250924356058368
-0.573972341559545
0.811393772889107
0.753165497634649
0.559679052352304
-0.827953232764944
-1.23634940822941
0.332196223208142
-0.528535261030313
0.506685340289145
1.04062961470712
0.545668538093836
1.92118651834898
0.00671705636123262
0.843441423451789
0.496919432678782
0.532408899308516
-0.0732870612206167
0.541625919000378
-1.85084441485231
-0.513221978947193
